1 0.92734375 0.5173611111111112 0.14375 0.36527777777777776 
1 0.815234375 0.5680555555555555 0.26171875 0.31666666666666665 
1 0.6328125 0.7340277777777777 0.275 0.48194444444444445 
1 0.8171875 0.16111111111111112 0.1671875 0.2388888888888889 
5 0.815625 0.2902777777777778 0.15 0.12222222222222222 
1 0.66484375 0.2152777777777778 0.1765625 0.2638888888888889 
5 0.659375 0.35347222222222224 0.1765625 0.1375 
1 0.98203125 0.7611111111111111 0.034375 0.3277777777777778 
5 0.974609375 0.9354166666666667 0.04921875 0.12638888888888888 
1 0.8765625 0.8770833333333333 0.2453125 0.24305555555555555 
1 0.527734375 0.34097222222222223 0.18046875 0.2875 
1 0.375 0.4 0.196875 0.3138888888888889 
1 0.987109375 0.6472222222222223 0.01640625 0.06388888888888888 
1 0.9125 0.7458333333333333 0.1734375 0.4861111111111111 
1 0.765625 0.8048611111111111 0.3203125 0.3875 
