1 0.97578125 0.3902777777777778 0.046875 0.25833333333333336 
1 0.984765625 0.16944444444444445 0.02890625 0.26666666666666666 
5 0.76875 0.40902777777777777 0.1921875 0.1486111111111111 
5 0.761328125 0.34097222222222223 0.21171875 0.15416666666666667 
5 0.76328125 0.2923611111111111 0.2125 0.14027777777777778 
3 0.669140625 0.30972222222222223 0.12109375 0.275 
4 0.951171875 0.8166666666666667 0.09609375 0.11388888888888889 
0 0.53671875 0.8159722222222222 0.21875 0.22361111111111112 
0 0.537109375 0.7298611111111111 0.22109375 0.20972222222222223 
0 0.5375 0.6479166666666667 0.2234375 0.1986111111111111 
0 0.53828125 0.5645833333333333 0.2265625 0.1875 
0 0.538671875 0.49236111111111114 0.22890625 0.18194444444444444 
0 0.5390625 0.40694444444444444 0.23125 0.19444444444444445 
2 0.479296875 0.2423611111111111 0.04453125 0.15694444444444444 
